4512, 5520, 154, 54, 4464, 5232, 4608, 5232
4944, 5328, 48, 48, 5040, 5232, 4896, 5232
5136, 4992, 144, 144, 5040, 4992, 5088, 5184, 5328, 5088
4608, 4944, 146, 48, 4752, 4992, 4608, 5040
4416, 5088, 48, 96, 4512, 5136, 4464, 5232, 4224, 5136, 4176, 5088
2400, 5664, 532, 338, 2448, 5664, 2832, 5664, 2832, 5952, 2448, 5952, 2400, 5808
3744, 5040, 144, 48, 3744, 5136, 3792, 484
2736, 4272, 384, 192, 2688, 4224, 2688, 4464, 3120, 4224
3888, 4368, 48, 96, 4800, 4368, 3984, 4416, 3840, 4272, 3696, 4272
4848, 4368, 48, 96, 5088, 4272, 4944, 4128
5184, 4224, 240, 144, 5568, 4176
6096, 5078, 336, 240, 6432, 4944, 6384, 5328, 6288, 5376, 5856, 5328
7057, 4704, 576, 192, 7104, 4992
6384, 5760, 144, 144, 6912, 5904, 6096, 5856, 6432, 5568
5904, 6240, 144, 48, 6048, 6624, 5808, 6432
6768, 4080, 144, 48, 7296, 3552, 7056, 3408, 6480, 3600, 6336, 3792
6720, 3504, 243, 180, 7056, 3552, 7296, 3984, 6336, 3360, 6336, 3984
4416, 3120, 384, 192, 4704, 3552, 5044, 3320
3840, 3072, 288, 240, 3696, 2448, 4224, 2640
3312, 2832, 454, 188, 4176, 2976, 3456, 3264, 3120, 2736
3840, 2496, 240, 288, 3364, 2648, 3504, 2880
5568, 2592, 144, 48, 5616, 2880, 6432, 2400
5136, 2064, 240, 240, 5328, 1728
4944, 1728, 288, 240, 6528, 2448, 5808, 1776, 5128, 2320
5472, 1728, 288, 384, 5952, 1824, 5568, 2304
5856, 2160, 528, 144, 5424, 2400, 5328, 1872, 6480, 1728